201
0.000000 0.000000 -0.000000
0.031416 0.023553 -0.031415
0.062832 0.047054 -0.062821
0.094248 0.070451 -0.094213
0.125664 0.093691 -0.125581
0.157079 0.116723 -0.156918
0.188495 0.139495 -0.188216
0.219911 0.161959 -0.219468
0.251327 0.184062 -0.250666
0.282743 0.205757 -0.281802
0.314159 0.226995 -0.312869
0.345575 0.247729 -0.343858
0.376991 0.267913 -0.374762
0.408407 0.287502 -0.405574
0.439823 0.306453 -0.436286
0.471238 0.324724 -0.466890
0.502654 0.342273 -0.497379
0.534070 0.359063 -0.527746
0.565486 0.375055 -0.557982
0.596902 0.390215 -0.588080
0.628318 0.404508 -0.618033
0.659734 0.417903 -0.647834
0.691150 0.430371 -0.677475
0.722566 0.441883 -0.706949
0.753982 0.452413 -0.736249
0.785397 0.461940 -0.765366
0.816813 0.470440 -0.794295
0.848229 0.477896 -0.823028
0.879645 0.484291 -0.851558
0.911061 0.489611 -0.879878
0.942477 0.493844 -0.907980
0.973893 0.496980 -0.935859
1.005309 0.499013 -0.963507
1.036725 0.499938 -0.990917
1.068141 0.499753 -1.018082
1.099556 0.498459 -1.044996
1.130972 0.496057 -1.071653
1.162388 0.492555 -1.098045
1.193804 0.487959 -1.124166
1.225220 0.482279 -1.150010
1.256636 0.475529 -1.175570
1.288052 0.467722 -1.200840
1.319468 0.458878 -1.225813
1.350884 0.449014 -1.250484
1.382300 0.438154 -1.274847
1.413715 0.426321 -1.298895
1.445131 0.413541 -1.322623
1.476547 0.399843 -1.346024
1.507963 0.385257 -1.369093
1.539379 0.369816 -1.391825
1.570795 0.353554 -1.414213
1.602211 0.336507 -1.436252
1.633627 0.318713 -1.457936
1.665043 0.300211 -1.479261
1.696459 0.281043 -1.500221
1.727874 0.261250 -1.520811
1.759290 0.240878 -1.541026
1.790706 0.219971 -1.560860
1.822122 0.198575 -1.580309
1.853538 0.176739 -1.599368
1.884954 0.154510 -1.618033
1.916370 0.131938 -1.636299
1.947786 0.109073 -1.654160
1.979202 0.085966 -1.671614
2.010618 0.062668 -1.688655
2.042033 0.039231 -1.705279
2.073449 0.015707 -1.721483
2.104865 -0.007852 -1.737262
2.136281 -0.031394 -1.752612
2.167697 -0.054866 -1.767530
2.199113 -0.078216 -1.782012
2.230529 -0.101392 -1.796054
2.261945 -0.124344 -1.809653
2.293361 -0.147019 -1.822806
2.324777 -0.169368 -1.835508
2.356192 -0.191340 -1.847758
2.387608 -0.212888 -1.859552
2.419024 -0.233964 -1.870887
2.450440 -0.254519 -1.881761
2.481856 -0.274510 -1.892170
2.513272 -0.293891 -1.902112
2.544688 -0.312620 -1.911585
2.576104 -0.330655 -1.920587
2.607520 -0.347955 -1.929114
2.638936 -0.364483 -1.937166
2.670351 -0.380202 -1.944739
2.701767 -0.395076 -1.951833
2.733183 -0.409074 -1.958445
2.764599 -0.422163 -1.964574
2.796015 -0.434315 -1.970218
2.827431 -0.445502 -1.975376
2.858847 -0.455701 -1.980047
2.890263 -0.464888 -1.984229
2.921679 -0.473042 -1.987922
2.953095 -0.480146 -1.991124
2.984510 -0.486185 -1.993834
3.015926 -0.491143 -1.996053
3.047342 -0.495012 -1.997780
3.078758 -0.497781 -1.999013
3.110174 -0.499445 -1.999753
3.141590 -0.500000 -2.000000
3.173006 -0.499445 -1.999753
3.204422 -0.497781 -1.999013
3.235838 -0.495012 -1.997780
3.267254 -0.491144 -1.996054
3.298669 -0.486185 -1.993835
3.330085 -0.480147 -1.991124
3.361501 -0.473043 -1.987922
3.392917 -0.464889 -1.984230
3.424333 -0.455703 -1.980048
3.455749 -0.445504 -1.975377
3.487165 -0.434317 -1.970219
3.518581 -0.422165 -1.964575
3.549997 -0.409076 -1.958446
3.581413 -0.395079 -1.951834
3.612828 -0.380204 -1.944741
3.644244 -0.364486 -1.937167
3.675660 -0.347958 -1.929116
3.707076 -0.330658 -1.920588
3.738492 -0.312623 -1.911587
3.769908 -0.293895 -1.902114
3.801324 -0.274513 -1.892172
3.832740 -0.254523 -1.881763
3.864156 -0.233967 -1.870889
3.895572 -0.212892 -1.859554
3.926987 -0.191344 -1.847760
3.958403 -0.169371 -1.835511
3.989819 -0.147023 -1.822808
4.021235 -0.124347 -1.809656
4.052651 -0.101396 -1.796057
4.084067 -0.078220 -1.782015
4.115483 -0.054870 -1.767533
4.146899 -0.031398 -1.752615
4.178315 -0.007856 -1.737265
4.209731 0.015703 -1.721486
4.241146 0.039227 -1.705282
4.272562 0.062664 -1.688658
4.303978 0.085962 -1.671617
4.335394 0.109069 -1.654163
4.366810 0.131934 -1.636302
4.398226 0.154506 -1.618036
4.429642 0.176735 -1.599372
4.461058 0.198571 -1.580312
4.492474 0.219967 -1.560863
4.523890 0.240874 -1.541029
4.555305 0.261247 -1.520814
4.586721 0.281039 -1.500225
4.618137 0.300208 -1.479265
4.649553 0.318710 -1.457940
4.680969 0.336504 -1.436255
4.712385 0.353551 -1.414216
4.743801 0.369814 -1.391828
4.775217 0.385255 -1.369097
4.806633 0.399841 -1.346028
4.838049 0.413539 -1.322627
4.869464 0.426318 -1.298899
4.900880 0.438152 -1.274851
4.932296 0.449012 -1.250489
4.963712 0.458876 -1.225817
4.995128 0.467721 -1.200844
5.026544 0.475527 -1.175574
5.057960 0.482278 -1.150014
5.089376 0.487958 -1.124170
5.120792 0.492554 -1.098049
5.152208 0.496057 -1.071657
5.183623 0.498458 -1.045001
5.215039 0.499753 -1.018087
5.246455 0.499938 -0.990921
5.277871 0.499014 -0.963511
5.309287 0.496981 -0.935864
5.340703 0.493845 -0.907985
5.372119 0.489612 -0.879882
5.403535 0.484292 -0.851563
5.434951 0.477898 -0.823033
5.466367 0.470442 -0.794300
5.497782 0.461941 -0.765371
5.529198 0.452415 -0.736253
5.560614 0.441884 -0.706954
5.592030 0.430373 -0.677480
5.623446 0.417906 -0.647839
5.654862 0.404511 -0.618039
5.686278 0.390217 -0.588085
5.717694 0.375058 -0.557987
5.749110 0.359066 -0.527751
5.780526 0.342276 -0.497385
5.811941 0.324727 -0.466896
5.843357 0.306456 -0.436291
5.874773 0.287506 -0.405579
5.906189 0.267917 -0.374768
5.937605 0.247733 -0.343863
5.969021 0.226999 -0.312874
6.000437 0.205761 -0.281807
6.031853 0.184066 -0.250672
6.063269 0.161962 -0.219474
6.094685 0.139499 -0.188222
6.126100 0.116726 -0.156923
6.157516 0.093694 -0.125586
6.188932 0.070454 -0.094218
6.220348 0.047058 -0.062827
6.251764 0.023557 -0.031420
6.283180 0.000004 -0.000005
